14023
14095
14374
15730
15983
16472
17303
17717
17941
18578
18750
18985
19991
20088
20118
20124
20288
20422
20450
20521
20604
20817
20863
20868
20945
21091
21134
21138
21234
21323
21409
21444
21464
21567
21577
21847
21850
21855
21867
22056
22180
22277
22289
22679
22758
22784
22892
23032
23210
23247
23369
23516
23533
23577
23597
23643
23683
23684
23693
23725
24012
24111
24312
24405
24416
24422
24499
24742
24810
24864
25126
25157
25296
25437
25510
25946
26110
26182
26241
26335
26362
26365
26506
26556
26619
26687
26817
26893
27005
27147
27698
27751
27799
28058
28110
28152
28288
28702
28750
29013
29044
29102
29115
29205
29234
29374
29395
29581
29593
29633
29895
30069
30367
30464
30495
30799
30991
31024
31246
31269
31298
31311
31408
31480
31510
31569
31670
31768
32118
32137
32153
32171
32214
32252
32334
32528
32665
32710
32726
32729
32748
32753
32762
32872
33073
33149
33352
33594
33624
33695
33729
33915
33960
33971
34100
34128
34219
34267
34292
34581
34886
35212
35226
35368
35421
35500
35675
35687
36014
36397
36668
36921
36922
37001
37032
37086
37111
37157
37238
37270
37549
37561
37613
37637
37682
37742
37830
37921
38322
38359
38560
38582
38635
38745
38748
38765
38856
38923
38996
39148
39224
39296
39523
39641
39653
39728
40007
40175
40665
40957
40958
40959
132422
132878
134225
134296
135150
135460
135824
136060
136937
137141
137437
137764
137844
138590
139912
142859
144342
144525
145346
148263
149762
150222
152611
152770
152964
153751
156665
156688
156729
156809
158579
159984
161601
166476
166860
172111
173790
173791
173873
173948
174287
174506
174516
174892
175461
175595
175643
175859
175861
175891
175943
176151
176226
176272
176675
176948
177116
177287
177977
178418
178474
178602
178728
178784
179164
179211
179262
179332
179344
179366
179575
179874
180155
180274
180294
180317
180542
180702
180707
180793
180855
180879
180885
180903
180939
181015
181042
181058
181104
181107
181126
181242
181288
181376
181396
181424
181477
181563
181707
182150
182227
182328
182585
182979
183181
183228
183243
183322
183363
183527
184186
184786
184820
184878
185308
185512
185566
186117
186889
187010
187579
187801
188087
188768
188830
189094
189221
189472
190528
190598
191224
191250
194593
194779
194959
194988
